
y0 = [0 0 0 0 0 0 0 0 0 0 0 0 0.0368421 0.105263 0.257895 0.415789 0.615789 0.7 0.826316 0.915789 0.936842 0.942105 0.963158 0.984211 1 1 1 1 1 1 1]
y1 = [1 1 1 1 1 0.995 0.985 0.92 0.855 0.73 0.54 0.305 0.115 0.06 0.02 0.01 0.005 0 0 0 0 0 0 0 0 0 0 0 0 0 0]